13,108
13,107
13,106
13,105
13,104
13,103
13,102
13,101
13,100
13,99
13,98
13,97
13,96
13,95
13,94
13,93
13,92
13,91
13,90
13,89
13,88
13,87
13,86
13,85
13,84
13,83
13,82
13,81
13,80
13,79
13,78
13,77
13,76
13,75
13,74
13,73
13,72
13,71
11,86
13,70
11,85
11,129
13,69
11,84
11,83
13,68
11,128
11,82
13,67
11,81
11,63
11,80
13,66
11,79
13,65
11,62
11,78
13,64
11,77
11,76
13,35
11,75
11,61
13,34
11,74
11,73
13,33
11,60
11,72
13,32
11,71
11,59
11,70
13,31
11,69
13,30
11,58
11,68
11,67
13,29
11,57
11,66
13,28
11,65
11,56
11,64
13,27
11,55
11,54
13,26
11,53
13,25
11,52
11,51
11,50
13,24
11,49
13,23
11,48
11,47
11,46
13,22
11,45
11,44
13,21
11,43
11,42
13,20
11,41
11,40
13,19
11,39
11,38
13,18
11,37
11,36
11,35
11,34
11,33
11,32
13,17
11,31
11,30
13,16
11,29
13,15
11,28
11,27
11,26
13,14
11,25
11,24
13,13
11,23
11,22
13,12
11,21
11,20
13,11
11,19
11,18
13,10
11,17
11,16
11,15
13,9
11,14
13,8
11,13
11,12
11,11
13,7
11,10
11,9
11,8
13,6
11,7
13,5
13,4
11,6
11,5
13,3
13,2
13,1
13,0
12,4
12,3
12,2
12,1
12,0
11,4
11,3
11,2
11,1
11,0
10,3
10,2
10,1
10,0
9,4
9,3
9,2
9,1
9,0
1,2
1,0
3,2
3,0
8,4
8,3
8,2
8,1
8,0
0,9
2,2
2,0
7,3
5,3
4,3
1,45
3,44
2,44
1,44
3,43
2,43
1,43
3,42
2,42
1,42
3,41
2,41
1,41
3,40
2,40
1,40
3,39
2,39
1,39
3,38
2,38
1,38
3,37
2,37
1,37
3,36
2,36
1,36
3,35
2,35
1,35
3,34
2,34
1,34
3,33
2,33
1,33
3,32
2,32
1,32
3,31
2,31
1,31
3,30
2,30
1,30
3,29
2,29
1,29
3,28
2,28
1,28
3,27
2,27
1,27
3,26
2,26
1,26
3,25
2,25
1,25
3,24
2,24
1,24
3,23
2,23
1,23
3,22
2,22
1,22
3,21
2,21
1,21
3,20
2,20
1,20
3,19
2,19
1,19
3,18
2,18
1,18
3,17
2,17
1,17
3,16
2,16
1,16
3,15
2,15
1,15
3,14
2,14
1,14
3,13
2,13
1,13
3,12
2,12
1,12
3,11
2,11
1,11
3,10
2,10
1,10
3,9
2,9
1,9
3,8
2,8
1,8
3,7
2,7
1,7
3,6
2,6
1,6
3,5
2,5
1,5
3,4
2,4
1,4
3,3
2,3
1,3
0,6
0,5
0,47
0,46
0,49
0,48
0,45
0,12
0,10
0,8
0,11
0,7
0,4
0,3
